<?xml version="1.0"?>
<opencv_storage>
<calibration_time>"2019年05月24日 星期五 23时07分35秒"</calibration_time>
<nr_of_frames>25</nr_of_frames>
<image_width>640</image_width>
<image_height>480</image_height>
<board_width>9</board_width>
<board_height>6</board_height>
<square_size>50.</square_size>
<fix_aspect_ratio>1.</fix_aspect_ratio>
<!-- flags: +fix_aspectRatio +fix_principal_point +zero_tangent_dist +fix_k4 +fix_k5 -->
<flags>6158</flags>
<fisheye_model>0</fisheye_model>
<camera_matrix type_id="opencv-matrix">
  <rows>3</rows>
  <cols>3</cols>
  <dt>d</dt>
  <data>
    5.1647096697968811e+02 0. 320. 0. 5.1647096697968811e+02 240. 0. 0.
    1.</data></camera_matrix>
<distortion_coefficients type_id="opencv-matrix">
  <rows>5</rows>
  <cols>1</cols>
  <dt>d</dt>
  <data>
    -1.8409399518521791e-01 2.3857478075901128e+00 0. 0.
    -1.1276380528838882e+01</data></distortion_coefficients>
<avg_reprojection_error>1.5748702841858667e-01</avg_reprojection_error>
<per_view_reprojection_errors type_id="opencv-matrix">
  <rows>25</rows>
  <cols>1</cols>
  <dt>f</dt>
  <data>
    1.14054523e-01 1.00982025e-01 1.13318883e-01 1.05803296e-01
    1.00121886e-01 1.78659543e-01 1.55864000e-01 1.43024802e-01
    1.48953363e-01 1.81881145e-01 1.59707367e-01 1.43514141e-01
    1.63596168e-01 1.83677718e-01 1.52043700e-01 1.48676261e-01
    1.51067466e-01 1.92940727e-01 1.75452933e-01 2.02089712e-01
    1.48781121e-01 1.66375503e-01 1.86400250e-01 1.74656630e-01
    1.79687634e-01</data></per_view_reprojection_errors>
<!-- a set of 6-tuples (rotation vector + translation vector) for each view -->
<extrinsic_parameters type_id="opencv-matrix">
  <rows>25</rows>
  <cols>6</cols>
  <dt>d</dt>
  <data>
    2.6654995039261420e-01 -1.7223933352076426e-01
    3.0821320275901880e+00 3.8357505835713476e+02 1.3563815446966257e+02
    1.5076902252673788e+03 2.6509135189557026e-01
    -1.7417049258093398e-01 3.0826937196348556e+00
    3.8504659964436473e+02 1.3566871137731937e+02 1.5078276586395577e+03
    2.6567924736191068e-01 -1.7437699211921706e-01
    3.0826924068077677e+00 3.8419270876163728e+02 1.3586482451278872e+02
    1.5054320012242360e+03 2.6212374766394902e-01
    -2.1752533615027630e-01 3.0560506684439108e+00
    3.7512920647891588e+02 1.3453144281557110e+02 1.5055139866286449e+03
    2.0969430226203215e-01 -2.2018124220025184e-01
    3.0556898433913089e+00 3.6827881347723138e+02 1.3440067859099122e+02
    1.5231814973934240e+03 1.8862604120760879e-01
    -2.3766461686434273e-01 3.1185978450904659e+00
    3.4716468198813124e+02 1.2903516982586868e+02 1.5347794028713467e+03
    -1.3941347909051269e-01 2.6749390349030466e-01
    -3.0355041183718603e+00 2.9420170679464644e+02
    1.1932884033579359e+02 1.5384411272708319e+03
    -1.0728944456648708e-01 2.2265619624022254e-01
    -2.9757464313823139e+00 2.6111123209669967e+02
    1.0327320576149739e+02 1.5168583545557162e+03
    -1.1725415992409270e-01 2.2167149315109652e-01
    -2.9113642696343778e+00 2.4684327788273643e+02
    1.5708620506013671e+02 1.4546608140411108e+03
    -1.5996875643052857e-01 2.2049857156748529e-01
    -3.1228232902737338e+00 2.7651546483876785e+02
    1.4734744397800728e+02 1.4162845893122458e+03 2.0350869142722081e-01
    -2.4400250157183978e-01 2.8620255214286514e+00
    3.0203836439724580e+02 1.1334711164274906e+02 1.3837766923092056e+03
    2.2899972611390393e-01 -2.1458172138792259e-01
    2.6709265021730024e+00 3.1155197554839600e+02 8.9909530595595001e+01
    1.3574450519049897e+03 2.5985228514797210e-01
    -2.1583890523438551e-01 2.7330956499483716e+00
    3.0136542705800804e+02 1.1572114553657239e+02 1.3527512525550362e+03
    2.8614798376981310e-01 -2.2801627321626314e-01
    3.0406966617231097e+00 2.5193479688551000e+02 1.6313434421781994e+02
    1.3659130463694914e+03 -2.3347886013817537e-01
    2.2696832381052337e-01 -2.9690413774243805e+00
    2.2097519270574173e+02 1.8165394947338854e+02 1.3755902515819653e+03
    -2.2204395238471122e-01 2.4194930696636099e-01
    -2.8528242456483937e+00 2.1037142233517071e+02
    1.8910179129356953e+02 1.3751713960846141e+03
    -2.1610413373268891e-01 2.4062200954463778e-01
    -2.8060348160303001e+00 2.1037088268910841e+02
    1.9059862926953429e+02 1.3750040948118794e+03
    -2.5357336847102202e-01 2.5775006762446118e-01
    -2.8958494956917131e+00 2.2954531745114491e+02
    1.8946141581449388e+02 1.3679051133275084e+03 2.8169453589303517e-01
    -2.5135566697155254e-01 3.1058720217668823e+00
    2.6374438511381408e+02 1.4871154955238114e+02 1.3632456215945172e+03
    2.6657126981568385e-01 -2.7515142234936646e-01
    2.7809859733610693e+00 2.9727191655928175e+02 7.6206054015381397e+01
    1.3580535407308200e+03 2.8857506148263795e-01
    -2.4475328153277939e-01 2.6042318719029924e+00
    3.1193941842025595e+02 4.4729672258996267e+01 1.3448974242426295e+03
    2.9895126792432225e-01 -2.4419149975755125e-01
    2.6892989180450066e+00 3.0356502773648594e+02 6.4221706479601494e+01
    1.3437528769255514e+03 3.1190754868716397e-01
    -2.1377048928341505e-01 3.0071931319976568e+00
    2.5716846106601878e+02 1.1128487912592547e+02 1.3458680972088150e+03
    -2.2823547475509900e-01 2.6010170333186156e-01
    -2.9330230582693013e+00 2.2196476590027157e+02
    1.5743846333162335e+02 1.3669096019873007e+03
    -1.5328786810747541e-01 2.8533508407391822e-01
    -2.7695319169336137e+00 2.0635598617189677e+02
    1.8573543835677941e+02 1.3846917998588769e+03</data></extrinsic_parameters>
