<?xml version="1.0"?>
<opencv_storage>
<calibration_time>"2019年05月25日 星期六 23时02分11秒"</calibration_time>
<nr_of_frames>25</nr_of_frames>
<image_width>1280</image_width>
<image_height>720</image_height>
<board_width>9</board_width>
<board_height>6</board_height>
<square_size>50.</square_size>
<fix_aspect_ratio>1.</fix_aspect_ratio>
<!-- flags: +fix_aspectRatio +fix_principal_point +zero_tangent_dist +fix_k4 +fix_k5 -->
<flags>6158</flags>
<fisheye_model>0</fisheye_model>
<camera_matrix type_id="opencv-matrix">
  <rows>3</rows>
  <cols>3</cols>
  <dt>d</dt>
  <data>
    1.7723360585390619e+03 0. 640. 0. 1.7723360585390619e+03 360. 0. 0.
    1.</data></camera_matrix>
<distortion_coefficients type_id="opencv-matrix">
  <rows>5</rows>
  <cols>1</cols>
  <dt>d</dt>
  <data>
    -3.2784851940329329e-01 5.3855582566501387e-02 0. 0.
    -7.3494116511204632e-02</data></distortion_coefficients>
<avg_reprojection_error>6.0301869695478483e-01</avg_reprojection_error>
<per_view_reprojection_errors type_id="opencv-matrix">
  <rows>25</rows>
  <cols>1</cols>
  <dt>f</dt>
  <data>
    2.79401273e-01 4.91512626e-01 5.30301750e-01 7.56993234e-01
    5.70537746e-01 7.43114531e-01 9.86730456e-01 7.50532687e-01
    6.51726723e-01 5.29455245e-01 4.69048798e-01 6.14490569e-01
    3.03066254e-01 1.48073900e+00 8.25895190e-01 2.74967402e-01
    2.18174562e-01 2.00203434e-01 2.30822966e-01 2.01306567e-01
    2.31940582e-01 2.49956220e-01 2.18216032e-01 3.58612478e-01
    8.26684833e-01</data></per_view_reprojection_errors>
<!-- a set of 6-tuples (rotation vector + translation vector) for each view -->
<extrinsic_parameters type_id="opencv-matrix">
  <rows>25</rows>
  <cols>6</cols>
  <dt>d</dt>
  <data>
    -2.5516375683960901e-01 6.1282601943933521e-03
    -3.0652380003054969e+00 4.1983114532691451e+02
    1.3180071194159828e+02 1.5201055419691916e+03
    -2.6297886082324595e-01 -5.1060065252825138e-02
    -3.0970686384771349e+00 4.0971292066783758e+02
    1.1139637494322993e+02 1.5594994290528693e+03
    -2.5802612259364072e-01 -2.6412267644195835e-02
    -3.1181418964572098e+00 4.0159098777070329e+02
    1.4444612590597038e+02 1.5917180978590134e+03
    -1.8574036577102238e-01 -1.0669384621297170e-01
    -3.0162981068574122e+00 4.0163991535154486e+02
    1.5984086225071815e+02 1.6124034045848725e+03 4.1751374349571482e-03
    -6.2556007530689489e-02 -3.0335681421541576e+00
    4.9625825039154239e+02 1.5722944562809909e+02 1.6779383134204413e+03
    1.6031630778073935e-01 -3.0339592929035607e-02
    3.1146936052525671e+00 5.3741867288272738e+02 3.4970008697448816e+02
    2.3084769777704223e+03 2.5359629570743442e-01 5.5689948555453272e-01
    3.0602507187654044e+00 3.8447819031369630e+02 2.4847094437761544e+02
    2.3293849468558460e+03 7.3686233703393889e-02 3.4964940497450958e-01
    3.0980909964771879e+00 4.7486062498282331e+02 1.2614866395402716e+02
    2.3477442063029830e+03 4.5389106946645896e-01 3.4462669691947878e-01
    3.0748183290811726e+00 3.6428784374281292e+02 1.2074556488386894e+02
    2.2547728041320329e+03 4.6911216504868064e-01 2.9642122640737667e-01
    3.0509783674118789e+00 2.9862310503132159e+02 1.8830905257213132e+02
    2.2535776622485810e+03 -5.7141873876505522e-01
    -3.0353479915164899e-01 -2.9781617094679240e+00
    1.4722881432648916e+02 1.8197589817384431e+02 2.2844869736339433e+03
    -5.1038632060650080e-01 -1.7697425086832635e-01
    -2.8673828747423098e+00 6.7335938303398009e+01
    1.6885722078406670e+02 2.3385418442062314e+03 3.0674225131701283e-01
    3.2699968679604929e-01 2.7791314780398557e+00 2.7738050916201064e+02
    1.2094444261822312e+02 2.2682124639561489e+03 3.5713840320519835e-01
    5.0514625259704082e-01 3.0202927543774125e+00 2.6411804581077422e+02
    1.5165915136049537e+02 2.2827141668216905e+03
    -2.2608107666567864e-01 -3.2203287459466873e-01
    -3.0384046247278782e+00 3.6830397082370848e+02
    1.4709129338421016e+02 2.3346345331259008e+03 4.1571581326965357e-01
    3.3948510059404252e-01 3.0504590467957393e+00 4.3839765519584307e+02
    1.6596059907092643e+02 2.2702527469907286e+03
    -2.8678112591663740e-01 -4.8485163207080079e-01
    -3.0746158576508646e+00 7.0288676987865665e+02
    3.9656121446824466e+02 2.2571140993887652e+03 3.1932862935567813e-01
    3.9465330108878166e-01 3.0484190505346338e+00 3.3731477790901209e+02
    1.3980135978834505e+02 2.3861134925985134e+03 3.9646521395674694e-01
    4.0242285025694019e-01 2.9997882623199876e+00 2.7573569896579482e+02
    1.8175689767606204e+02 2.3494099251483849e+03 5.0908281187792859e-01
    3.6292136205452513e-01 2.9842437827056423e+00 2.6762771400508194e+02
    1.9010491443089356e+02 2.3392185417495325e+03 5.3250722540994810e-01
    3.7580758839700407e-01 3.0011522904564774e+00 3.0665358699832655e+02
    1.9526574872932727e+02 2.3322240464698207e+03 1.2103802046365968e-01
    -5.3134645081492993e-01 -3.0292625379946507e+00
    3.6559796621766355e+02 2.0294057568248934e+02 2.3608068769284237e+03
    1.9665414192008468e-01 -5.1576980940818606e-01
    -3.0298646783406835e+00 3.7509459116806556e+02
    2.1004440632998242e+02 2.3625460069560704e+03
    -5.2382064921663390e-02 5.0755676872483069e-01
    3.0759900568979335e+00 3.7302426681396167e+02 2.1674793033304272e+02
    2.3672052834585775e+03 3.5473665591857462e-01 4.8295070207878987e-01
    2.9944708074505928e+00 3.3782666400660207e+02 1.5174446428650094e+02
    2.2986354735135506e+03</data></extrinsic_parameters>
