<?xml version="1.0"?>
<opencv_storage>
<calibration_time>"2019年05月24日 星期五 23时15分45秒"</calibration_time>
<nr_of_frames>25</nr_of_frames>
<image_width>1280</image_width>
<image_height>720</image_height>
<board_width>9</board_width>
<board_height>6</board_height>
<square_size>50.</square_size>
<fix_aspect_ratio>1.</fix_aspect_ratio>
<!-- flags: +fix_aspectRatio +fix_principal_point +zero_tangent_dist +fix_k4 +fix_k5 -->
<flags>6158</flags>
<fisheye_model>0</fisheye_model>
<camera_matrix type_id="opencv-matrix">
  <rows>3</rows>
  <cols>3</cols>
  <dt>d</dt>
  <data>
    8.3928655238717681e+02 0. 640. 0. 8.3928655238717681e+02 360. 0. 0.
    1.</data></camera_matrix>
<distortion_coefficients type_id="opencv-matrix">
  <rows>5</rows>
  <cols>1</cols>
  <dt>d</dt>
  <data>
    1.1872638816875654e-01 -1.7218642531224106e+00 0. 0.
    5.0065138813300045e+00</data></distortion_coefficients>
<avg_reprojection_error>1.8759033859764043e-01</avg_reprojection_error>
<per_view_reprojection_errors type_id="opencv-matrix">
  <rows>25</rows>
  <cols>1</cols>
  <dt>f</dt>
  <data>
    1.46025702e-01 1.53553456e-01 1.92814142e-01 1.59429803e-01
    1.67036399e-01 1.64989278e-01 1.63044199e-01 1.74441665e-01
    1.78928465e-01 1.76110804e-01 1.81968942e-01 1.78383514e-01
    1.87516555e-01 2.06401840e-01 1.87755331e-01 2.10623488e-01
    1.87541977e-01 2.01103866e-01 1.97656110e-01 1.73489004e-01
    1.61094695e-01 1.39744148e-01 1.79972529e-01 3.33957136e-01
    2.01492757e-01</data></per_view_reprojection_errors>
<!-- a set of 6-tuples (rotation vector + translation vector) for each view -->
<extrinsic_parameters type_id="opencv-matrix">
  <rows>25</rows>
  <cols>6</cols>
  <dt>d</dt>
  <data>
    -1.0005442222034191e-02 -1.7742309692378014e-01
    -3.1311471357323333e+00 2.7725253513253332e+01
    1.4006828600981532e+02 1.9752836733933170e+03
    -2.3782395428166569e-02 -1.8834698463689800e-01
    -3.1349403331131640e+00 2.8091266036957187e+01
    1.4051146705849573e+02 1.9739714724685307e+03 2.1061481241889782e-02
    -2.1953701516651633e-01 -3.0663606667766969e+00
    4.8773002809764343e+01 1.4343002366143202e+02 1.9793949301890007e+03
    1.7110684852000384e-02 -2.2228082078775568e-01
    -2.9985780411348490e+00 6.4580617985820354e+01
    1.4229810508945346e+02 1.9780233348321867e+03 2.0234989948627911e-02
    -2.4862928248741259e-01 -2.9487711237512091e+00
    7.4604562300803337e+01 1.4145685164169157e+02 1.9754526437179834e+03
    2.4752633918593236e-02 -2.4211802932953416e-01
    -2.9023746799134398e+00 8.4972900635714169e+01
    1.4048571476916669e+02 1.9775058350190382e+03 4.4395217486461476e-02
    -2.3784408127390277e-01 -2.8860033532123577e+00
    8.9545039065530190e+01 1.3929841969169476e+02 1.9744881593532323e+03
    1.9489508199609046e-01 -2.3986714246803822e-01
    -2.8677497802090994e+00 1.0371239327058684e+02
    1.3567217805613831e+02 1.9534429304169960e+03 2.8505702446042824e-01
    -2.3810938050929437e-01 -2.8554190393968639e+00
    1.1284837016412305e+02 1.3325586592290171e+02 1.9418086951987191e+03
    3.0583819305454890e-01 -2.3026342869102745e-01
    -2.8557353431684067e+00 1.1451344678414482e+02
    1.3291899109378267e+02 1.9384670874460674e+03 4.1374848896545569e-01
    -2.4098909576206262e-01 -2.8301300425740186e+00
    1.2792780474829038e+02 1.3144255106289054e+02 1.9287651543179604e+03
    4.7360847847155751e-01 -2.3951388415865860e-01
    -2.8156955215100998e+00 1.3590634442974937e+02
    1.3043726821191399e+02 1.9254346868528621e+03 5.1818035354624403e-01
    -2.5135456055263267e-01 -2.8095873246533336e+00
    1.3994695251831922e+02 1.2780987845437436e+02 1.9164179032700235e+03
    5.6340669254440912e-01 -2.5203813338750664e-01
    -2.7966179749499269e+00 1.4831396313262292e+02
    1.2930086990566107e+02 1.9166786370049153e+03 7.0616731423207979e-01
    -2.4462735229927132e-01 -2.7483688646408191e+00
    1.6663161075535746e+02 1.2730442534805279e+02 1.9088572826781312e+03
    7.0390672921358266e-01 -2.3970287134594412e-01
    -2.7537577145860954e+00 1.6360142507048855e+02
    1.2546639218664815e+02 1.9033296249087812e+03 8.1886800292261452e-01
    -2.5690746045041379e-01 -2.7086196856545159e+00
    1.8082979199026300e+02 1.2608809836774778e+02 1.9007787349609982e+03
    9.0728346326722331e-01 -2.5045198075902197e-01
    -2.6740394703835464e+00 1.9451479202275027e+02
    1.2482295900229450e+02 1.8983104113270797e+03 5.1716054339316231e-01
    -2.1452447209592060e-01 -2.8184237854019338e+00
    1.3881340167542902e+02 1.3225662877395126e+02 1.9232363154217617e+03
    3.9840629242209324e-01 -2.1007779431421664e-01
    -2.8532880941066039e+00 1.2563233644930533e+02
    1.3507614693170382e+02 1.9319966669038934e+03 2.7695290571139963e-01
    -1.8393891872761278e-01 -2.8829577160051620e+00
    1.1164612193923119e+02 1.3894683736261663e+02 1.9448597411413675e+03
    1.6547959454481662e-01 -1.4842827118348800e-01
    -2.9115841335515475e+00 9.9620320632389877e+01
    1.4245058688580923e+02 1.9513347296547629e+03 2.4005453365008551e-02
    -1.3860618859085141e-01 -2.9582246251363262e+00
    8.9867209407209046e+01 1.3892908374473714e+02 1.9614502830624087e+03
    1.6353189884905053e-03 2.6330937596010762e-01 3.0287865195820305e+00
    2.9256088544186724e+02 -2.0736651505020351e+01
    1.9033329948307455e+03 3.3779944884382979e-01 2.5731357580480196e-01
    2.6218207241269411e+00 5.3931388970347314e+02
    -5.9945258956866219e+01 1.8066862367161416e+03</data></extrinsic_parameters>
