<?xml version="1.0"?>
<opencv_storage>
<calibration_time>"Thu Feb 14 20:24:07 2019"</calibration_time>
<nr_of_frames>25</nr_of_frames>
<image_width>1280</image_width>
<image_height>720</image_height>
<board_width>9</board_width>
<board_height>6</board_height>
<square_size>50.</square_size>
<fix_aspect_ratio>1.</fix_aspect_ratio>
<!-- flags: +fix_aspectRatio +fix_principal_point +zero_tangent_dist +fix_k4 +fix_k5 -->
<flags>6158</flags>
<fisheye_model>0</fisheye_model>
<Camera_Matrix type_id="opencv-matrix">
  <rows>3</rows>
  <cols>3</cols>
  <dt>d</dt>
  <data>
    8.1318710864219918e+02 0. 640. 0. 8.1318710864219918e+02 360. 0. 0.
    1.</data></Camera_Matrix>
<Distortion_Coefficients type_id="opencv-matrix">
  <rows>5</rows>
  <cols>1</cols>
  <dt>d</dt>
  <data>
    -6.8149411794980005e-02 6.1129192999756055e-01 0. 0.
    -1.7571581021780178e+00</data></Distortion_Coefficients>
<avg_reprojection_error>1.5748702841858667e-01</avg_reprojection_error>
<per_view_reprojection_errors type_id="opencv-matrix">
  <rows>25</rows>
  <cols>1</cols>
  <dt>f</dt>
  <data>
    1.14054523e-01 1.00982025e-01 1.13318883e-01 1.05803296e-01
    1.00121886e-01 1.78659543e-01 1.55864000e-01 1.43024802e-01
    1.48953363e-01 1.81881145e-01 1.59707367e-01 1.43514141e-01
    1.63596168e-01 1.83677718e-01 1.52043700e-01 1.48676261e-01
    1.51067466e-01 1.92940727e-01 1.75452933e-01 2.02089712e-01
    1.48781121e-01 1.66375503e-01 1.86400250e-01 1.74656630e-01
    1.79687634e-01</data></per_view_reprojection_errors>
<!-- a set of 6-tuples (rotation vector + translation vector) for each view -->
<extrinsic_parameters type_id="opencv-matrix">
  <rows>17</rows>
  <cols>6</cols>
  <dt>d</dt>
  <data>
    -2.0271624754105799e-01 -1.8782522880227565e-01
    -2.8525103305392938e+00 1.2603247967387001e+02
    5.7014405110365288e+01 7.0320449180758169e+02 1.1413693062500548e-03
    1.2399193771554487e-01 -3.0749977187726789e+00
    1.4446511361365964e+02 1.6714804118263740e+02 7.0047717150256483e+02
    1.0846070640329851e-02 8.4785032038041497e-02
    -3.0636867359373432e+00 1.4662716623153389e+02
    1.7651128895361464e+02 7.0218406057180016e+02 1.3265541214557452e-02
    9.6540352695443005e-02 -3.0628320986955662e+00
    1.4633077077407646e+02 1.7746170253026733e+02 7.0235729350742338e+02
    1.2394601446958342e-02 1.0248473817447777e-01
    -3.0617487224218709e+00 1.4614590635630722e+02
    1.7831889183385172e+02 7.0177926193692792e+02
    -2.9282553239593660e-02 7.7512870058896538e-02
    -3.1070978376180136e+00 3.2103817040462752e+02
    1.2298117696655704e+02 7.2448686950117667e+02 5.1619677864538631e-02
    3.3902243116347285e-02 -3.1409217175964201e+00
    3.1720489486294809e+02 1.2250708865284379e+02 7.2912483695698734e+02
    -6.3331183552800929e-02 -3.3290975259991626e-02
    3.1352428555430700e+00 3.1654586913956325e+02 1.2257813499903770e+02
    7.2986272784259040e+02 -6.8604197110832876e-02
    -9.1093800701699413e-03 3.1392798099482007e+00
    3.1653163840289818e+02 1.2256223457085706e+02 7.3253145656937966e+02
    5.4489380274266558e-02 7.7689037425123855e-02
    -3.1251946576450322e+00 2.0256491250689305e+02
    1.2245207624076181e+02 7.2352734851080299e+02 1.3653102175746121e-01
    1.4221580728373584e-01 -3.0636100530294805e+00
    -5.0191155443274596e+01 8.6301946898550071e+01
    7.1822848824825621e+02 1.7583995853129475e-01 7.6055426748196042e-02
    -3.1021720927748286e+00 -5.5328995119361451e+01
    8.0004973759552328e+01 7.2880041901509367e+02 1.7726442598448919e-01
    6.1590579960692185e-02 -3.1072692884669197e+00
    -5.5843316493966832e+01 7.9230891925830505e+01
    7.3075979153137041e+02 1.8007343825748315e-01 5.9109253014948862e-02
    -3.1107450781075778e+00 -5.6131490449339836e+01
    7.8609261627185163e+01 7.3162954511477699e+02 1.8778457901529522e-01
    5.9545879472683728e-02 -3.1138529260468104e+00
    -5.6697542602167289e+01 7.7915730861753218e+01
    7.3289970498553998e+02 1.5840929315799518e-01 4.7717715978268682e-02
    -3.0195622408697922e+00 -4.7138506674817492e+01
    9.6785838664040497e+01 7.3203349666676297e+02 1.5189169526161841e-01
    6.2494849906875316e-02 -2.9883661136333433e+00
    -4.2626514937892047e+01 1.0295602946261405e+02
    7.3063498615365654e+02</data></extrinsic_parameters>
