<?xml version="1.0"?>
<opencv_storage>
<calibration_time>"Thu Feb 14 20:48:40 2019"</calibration_time>
<nr_of_frames>25</nr_of_frames>
<image_width>1280</image_width>
<image_height>720</image_height>
<board_width>9</board_width>
<board_height>6</board_height>
<square_size>50.</square_size>
<fix_aspect_ratio>1.</fix_aspect_ratio>
<!-- flags: +fix_aspectRatio +fix_principal_point +zero_tangent_dist +fix_k4 +fix_k5 -->
<flags>6158</flags>
<fisheye_model>0</fisheye_model>
<Camera_Matrix type_id="opencv-matrix">
  <rows>3</rows>
  <cols>3</cols>
  <dt>d</dt>
  <data>
    8.3928655238717681e+02 0. 640. 0. 8.3928655238717681e+02 360. 0. 0.
    1.</data></Camera_Matrix>
<Distortion_Coefficients type_id="opencv-matrix">
  <rows>5</rows>
  <cols>1</cols>
  <dt>d</dt>
  <data>
    1.1872638816875654e-01 -1.7218642531224106e+00 0. 0.
    5.0065138813300045e+00</data></Distortion_Coefficients>
<avg_reprojection_error>1.8759033859764043e-01</avg_reprojection_error>
<per_view_reprojection_errors type_id="opencv-matrix">
  <rows>25</rows>
  <cols>1</cols>
  <dt>f</dt>
  <data>
    1.46025702e-01 1.53553456e-01 1.92814142e-01 1.59429803e-01
    1.67036399e-01 1.64989278e-01 1.63044199e-01 1.74441665e-01
    1.78928465e-01 1.76110804e-01 1.81968942e-01 1.78383514e-01
    1.87516555e-01 2.06401840e-01 1.87755331e-01 2.10623488e-01
    1.87541977e-01 2.01103866e-01 1.97656110e-01 1.73489004e-01
    1.61094695e-01 1.39744148e-01 1.79972529e-01 3.33957136e-01
    2.01492757e-01</data></per_view_reprojection_errors>
<!-- a set of 6-tuples (rotation vector + translation vector) for each view -->
<extrinsic_parameters type_id="opencv-matrix">
  <rows>17</rows>
  <cols>6</cols>
  <dt>d</dt>
  <data>
    1.1560246153865823e-01 1.0348587775589489e-03
    -3.0770145231881383e+00 9.7259121728007713e+01
    1.5898254624864251e+02 6.3860121935592770e+02 1.2483333593535270e-01
    7.1395109732017223e-02 -3.1063786607526334e+00
    9.5819233114414075e+01 1.6646849901986477e+02 6.3231207221912098e+02
    1.3257098019790159e-01 5.5292117621262717e-02
    -3.1070474731282509e+00 9.5822179438379635e+01
    1.6634380355094311e+02 6.3565532784572179e+02
    -3.3097268828486504e-01 1.8089320036440451e-01
    -3.0520571395534950e+00 2.7097635290145206e+02
    1.3915075623781146e+02 6.1261036503798857e+02
    -3.3295715932310094e-01 1.5090107583626694e-01
    -3.0542746922653903e+00 2.7011082009858978e+02
    1.4031895670291124e+02 6.1441121369239397e+02
    -3.2521050516053768e-01 1.4252655279645671e-01
    -3.0591801774511684e+00 2.6946193614590140e+02
    1.4042443428079466e+02 6.1541146872662398e+02
    -3.3097525547981071e-01 1.3755129286941659e-01
    -3.0583815425449257e+00 2.6974654525149117e+02
    1.4058721146895584e+02 6.1590981966604227e+02
    -1.8162527576937626e-01 2.3536436119551818e-01
    -3.0924823330226823e+00 1.8497085118216009e+02
    1.3538600349056213e+02 6.2380118984603348e+02
    -1.7316862620797380e-01 2.2719659575250931e-01
    -3.0952034118998495e+00 1.8506717463342369e+02
    1.3554444792198615e+02 6.2436003803394033e+02
    -1.7556987229862853e-01 2.1889321023664282e-01
    -3.0935313827021425e+00 1.8516239142187362e+02
    1.3521744176253750e+02 6.2521233253349942e+02 1.3487639880033045e-01
    1.8155720112461263e-01 -3.0652091730582436e+00
    9.4720398638143990e+01 1.6461927101765457e+02 6.4275684906288916e+02
    1.2811729470592076e-01 7.7168044811667377e-02
    -3.0753291676413719e+00 9.6216014646123924e+01
    1.6584158535769660e+02 6.4275186490440808e+02 1.3333968657657072e-01
    1.4202136623608785e-01 -3.0779176994180775e+00
    9.5395043837045378e+01 1.6828495954886816e+02 6.4268704893042502e+02
    3.6367284214932832e-01 1.4756423582199096e-01
    -3.0023783451689088e+00 -9.4324783165345039e+01
    9.8939590196256148e+01 6.3030080192003425e+02 3.4163079628625653e-01
    1.1438681383310215e-01 -3.0691862972705781e+00
    -9.9260381490494751e+01 8.8083668340901468e+01
    6.2940293143024201e+02 3.4810720373793408e-01 1.0283828082242710e-01
    -3.0790044598441497e+00 -1.0047222393857209e+02
    8.6456417666176890e+01 6.3104215106417450e+02 3.4863249336010310e-01
    1.0162485945826305e-01 -3.0817017076586453e+00
    -1.0083332310530432e+02 8.6008356976105489e+01
    6.3143915667730550e+02</data></extrinsic_parameters>
