<?xml version="1.0"?>
<opencv_storage>
<calibration_time>"2019年06月28日 星期五 14时03分23秒"</calibration_time>
<nr_of_frames>25</nr_of_frames>
<image_width>1280</image_width>
<image_height>720</image_height>
<board_width>9</board_width>
<board_height>6</board_height>
<square_size>50.</square_size>
<fix_aspect_ratio>1.</fix_aspect_ratio>
<!-- flags: +fix_aspectRatio +fix_principal_point +zero_tangent_dist +fix_k4 +fix_k5 -->
<flags>6158</flags>
<fisheye_model>0</fisheye_model>
<camera_matrix type_id="opencv-matrix">
  <rows>3</rows>
  <cols>3</cols>
  <dt>d</dt>
  <data>
    8.1318710864219918e+02 0. 640. 0. 8.1318710864219918e+02 360. 0. 0.
    1.</data></camera_matrix>
<distortion_coefficients type_id="opencv-matrix">
  <rows>5</rows>
  <cols>1</cols>
  <dt>d</dt>
  <data>
    -6.8149411794980005e-02 6.1129192999756055e-01 0. 0.
    -1.7571581021780178e+00</data></distortion_coefficients>
<avg_reprojection_error>3.1668163909097446e-01</avg_reprojection_error>
<per_view_reprojection_errors type_id="opencv-matrix">
  <rows>25</rows>
  <cols>1</cols>
  <dt>f</dt>
  <data>
    1.66589275e-01 1.74567699e-01 1.80729851e-01 2.17617258e-01
    2.12789029e-01 1.84793919e-01 2.15459958e-01 2.16554806e-01
    2.81416923e-01 2.01418623e-01 1.91991717e-01 2.04323277e-01
    9.44476902e-01 4.38311994e-01 2.75376320e-01 2.57607907e-01
    2.03828722e-01 2.22221404e-01 4.86028016e-01 3.46338391e-01
    3.45653147e-01 2.66327173e-01 2.26539657e-01 2.10368767e-01
    1.95915610e-01</data></per_view_reprojection_errors>
<!-- a set of 6-tuples (rotation vector + translation vector) for each view -->
<extrinsic_parameters type_id="opencv-matrix">
  <rows>25</rows>
  <cols>6</cols>
  <dt>d</dt>
  <data>
    2.0859819291028853e-01 -5.9142527878778599e-02
    3.1288301463815555e+00 2.9617558514666945e+02 2.3459949987454547e+02
    1.4255632457307595e+03 2.0802095468522383e-01
    -4.0670730264170118e-02 3.1296240032885185e+00
    2.9641987342079341e+02 2.3414748173297841e+02 1.4269725762400960e+03
    1.3702328829171394e-02 -2.1512489329097489e-01
    3.1195501232235943e+00 2.1489594835525116e+02 2.6872323579133746e+02
    1.1064354253844122e+03 3.7732393967984834e-02
    -3.1126463209805355e-01 3.1169152483640290e+00
    2.1123123440422177e+02 2.6394908812711435e+02 1.1724086897597979e+03
    3.6816220510036669e-02 -3.0561590864514537e-01
    3.1172653636260006e+00 2.1127285885949203e+02 2.6375590220127793e+02
    1.1729597891857072e+03 3.6337166160197748e-02
    -3.0118149867447908e-01 3.1179009343695525e+00
    2.1123523354504010e+02 2.6360847998408138e+02 1.1737844842585080e+03
    3.7441825945817561e-02 -3.0266630768812575e-01
    3.1176222030887266e+00 2.1122722728336174e+02 2.6361207515018344e+02
    1.1735795678210336e+03 3.0411335151849281e-02
    -2.9255613233595767e-01 3.1183598425169796e+00
    2.1128499248311880e+02 2.6323872128361279e+02 1.1753207283941988e+03
    3.0911160630363288e-01 -2.5649979464727740e-01
    3.0918706436184711e+00 3.5204755229276293e+02 2.5827453281891792e+02
    1.1516100990606062e+03 2.9228746625855417e-01
    -2.6010619586998635e-01 3.0984134224345419e+00
    3.6810704172488016e+02 2.5968530181080223e+02 1.1510876635677530e+03
    3.6289843441868297e-01 -2.6926841522612888e-01
    3.0867769518752604e+00 4.1012639584786899e+02 2.6014501243367312e+02
    1.1361016028004105e+03 3.9934477449147165e-01
    -2.6855666793420024e-01 3.0821048793051204e+00
    4.4960825796762742e+02 2.6098967448221100e+02 1.1259173084114145e+03
    1.4088625963556001e-01 -2.9140813263447057e-01
    3.1208060511112952e+00 3.4533532863690959e+02 2.5919565313726002e+02
    1.1863737111262972e+03 -2.4381435876228949e-01
    -2.7030932905259436e-01 3.1185650862955541e+00
    1.1712547363964174e+02 2.5404772488697802e+02 1.2706565190030876e+03
    -2.5433385047533535e-01 -2.8591163387116386e-01
    3.1055671548983996e+00 1.1188600391471806e+02 2.5848779076389525e+02
    1.2260630090506775e+03 -9.6538816661453766e-02
    -4.1153119009858609e-02 3.1245193056493767e+00
    1.3261662713607734e+02 2.7413635770473775e+02 1.0795430735990371e+03
    2.9695752932159071e-02 -1.1047958223987388e-01
    3.1311566571038654e+00 1.5820467988359218e+02 2.8381021622802439e+02
    9.8708512071959285e+02 3.0698061409033348e-02
    -1.0723143234445046e-01 3.1316612641210719e+00
    1.5828923687277899e+02 2.8261496188610323e+02 9.8835970337983599e+02
    -2.7711642201982173e-01 2.2675128343412970e-01
    -3.0465467777416415e+00 2.2138072577254783e+02
    1.0786356525457224e+02 1.0411475993408696e+03
    -3.0010351701050347e-01 2.1215298676738101e-01
    -3.0495759743470758e+00 2.3939130499941430e+02
    1.2756284167482758e+02 1.0568738768181643e+03
    -3.7847449884264917e-01 1.6995273970407229e-01
    -3.0641300663796800e+00 2.4912177700136024e+02
    1.6767479882243666e+02 1.1257388939738939e+03
    -3.7169641914178314e-01 1.9076362013424669e-01
    -3.0808574657732990e+00 2.5873563454427443e+02
    1.9108357519722037e+02 1.1575805093338627e+03
    -3.7427628902207560e-01 1.8439666069115898e-01
    -3.0745209355822620e+00 2.5457623440606181e+02
    1.9124273898953052e+02 1.1630194177855126e+03
    -3.6049221080629584e-01 2.0149474129637562e-01
    -3.0817542311268755e+00 2.6192770139321419e+02
    1.8881240655643785e+02 1.1692078819327878e+03
    -3.0271346313687775e-01 1.7730146968955482e-01
    -3.0801333963204485e+00 2.5045009074710470e+02
    1.9206954153694102e+02 1.1847978111208772e+03</data></extrinsic_parameters>
